      0/64     22.1G    0.0624   0.01342  0.004718   0.08054        55       640    0.2474    0.5741    0.2369    0.1275    0.0397   0.01068  0.006067
      1/64     23.5G   0.04325   0.01393  0.003451   0.06063        82      1664    0.2551    0.5516    0.2986    0.1174   0.03874   0.01005  0.006571
      2/64     21.8G   0.03881    0.0135  0.002921   0.05523        71      1920    0.2391    0.5476    0.3421    0.1662   0.03365  0.009237  0.008484
      3/64       22G   0.03495   0.01309  0.002312   0.05036        55      1728    0.2398    0.5991    0.3642    0.1738   0.03226   0.00857   0.01152
      4/64       22G   0.03389   0.01266  0.001993   0.04855         1      1024     0.205    0.6399    0.3504    0.1595   0.03098  0.008491   0.01371
      5/64     21.9G   0.03293   0.01262  0.001845    0.0474        46       832     0.208    0.6251    0.3628    0.1733   0.02997  0.008302   0.01429
      6/64       22G   0.03284   0.01223  0.001724   0.04679         8      1152    0.2147    0.6684    0.3827    0.1851   0.02972  0.008079   0.01506
      7/64     22.1G   0.03209   0.01187  0.001658   0.04562        66      1408    0.2018    0.6623     0.366     0.173   0.03094  0.008076   0.01532
      8/64     23.5G   0.03143   0.01232  0.001641   0.04539        12      1088    0.2132    0.6731    0.3832     0.189    0.0293  0.007892   0.01608
      9/64     22.5G   0.03146   0.01179  0.001548    0.0448        46       640     0.188    0.6986    0.3696    0.1788   0.02922  0.007931   0.01627
     10/64     21.5G   0.03123   0.01141  0.001492   0.04412        93       704    0.1983    0.6872    0.3757    0.1825   0.02853  0.007834   0.01715
     11/64     22.8G    0.0305   0.01168  0.001491   0.04367        53      1792    0.1863     0.668    0.3609    0.1694   0.02998  0.007918   0.01693
     12/64     22.9G   0.03071   0.01163  0.001532   0.04387        99       832    0.1891    0.6864    0.3672    0.1859   0.02794  0.007733   0.01703
     13/64     22.9G   0.03017   0.01164  0.001427   0.04324       101      1920    0.1812    0.6498    0.3573    0.1758   0.02854    0.0079    0.0176
     14/64       23G   0.03027   0.01165   0.00147   0.04339       128      1856    0.1801    0.6739    0.3665    0.1859   0.02773  0.007723   0.01816
     15/64     22.8G   0.03002   0.01125  0.001448   0.04272        84      1856    0.1908     0.666    0.3711    0.1915   0.02744  0.007749   0.01808
     16/64     22.3G   0.02982    0.0114  0.001399   0.04262       118       640    0.1884    0.6834    0.3753      0.19   0.02737  0.007699    0.0183
     17/64     22.5G    0.0295   0.01101    0.0014   0.04192        35      1408     0.188    0.6686    0.3781    0.1957   0.02646  0.007686   0.01844
     18/64     23.4G   0.02889   0.01106  0.001361    0.0413        72      1600     0.178    0.7049     0.373    0.1968   0.02638  0.007639   0.01821
