      0/11     19.4G   0.06481   0.02416  0.005285   0.09425       179      1280     0.258    0.3558    0.2831   0.07912   0.04723  0.009793  0.002886
      1/11     20.2G   0.04744   0.02707  0.004101   0.07861        63      1280    0.5512    0.5168    0.5538    0.2306   0.03987  0.008682  0.002205
      2/11     20.2G    0.0415   0.02599  0.003359   0.07085        53      1280    0.8161    0.7333    0.7888    0.3824   0.03656  0.008237    0.0015
      3/11     20.2G   0.03791   0.02553  0.002556   0.06599        78      1280    0.8448     0.799    0.8364    0.4091   0.03666  0.008045  0.001165
      4/11     20.2G   0.03515   0.02492  0.002233    0.0623       197      1280    0.8478    0.8484    0.8769    0.4433   0.03422  0.007892  0.001065
      5/11     20.2G   0.03372   0.02479  0.002024   0.06053       181      1280    0.8817    0.8518    0.8903    0.4775   0.03184  0.007769  0.001024
      6/11     20.2G    0.0331   0.02401  0.001948   0.05905        87      1280    0.8879    0.8597    0.8957    0.4859   0.03156  0.007644  0.001046
      7/11     20.2G   0.03217   0.02354  0.001856   0.05757       118      1280    0.8867    0.8681    0.8999    0.4958    0.0309  0.007687 0.0009988
      8/11     20.2G   0.03146   0.02354  0.001799    0.0568       284      1280    0.8966    0.8754    0.9041    0.4957   0.03034  0.007666 0.0009145
      9/11     20.2G   0.03054   0.02272  0.001788   0.05505       291      1280    0.8974     0.876    0.9048    0.4956   0.03067  0.007705  0.000951
     10/11     20.2G   0.03048   0.02291  0.001776   0.05517       459      1280    0.8984    0.8729     0.904     0.499   0.03014  0.007679 0.0009277
     11/11     20.2G   0.03027   0.02242  0.001747   0.05444       148      1280    0.8972     0.882    0.9084    0.5058   0.02997  0.007713 0.0009093
