      0/64     15.2G   0.07653   0.02239  0.005246    0.1042        80      1280    0.3559    0.4757    0.4145    0.1786   0.06209   0.01233  0.003293
      1/64     13.4G   0.05731   0.02506  0.003717   0.08609       214      1280    0.7038    0.6881    0.7078    0.3136   0.05978   0.01187  0.002565
      2/64     15.7G   0.05534   0.02476  0.002904   0.08301       126      1280    0.7525    0.7277    0.7576    0.3423   0.05907   0.01167  0.002215
      3/64     14.8G   0.05241   0.02406  0.002365   0.07884       432      1280    0.8434    0.7873    0.8412    0.4156   0.05468    0.0118  0.002084
      4/64     14.1G   0.05038   0.02323  0.002049   0.07566        79      1280    0.8321    0.8268    0.8507     0.433   0.05299   0.01219  0.002135
      5/64     15.7G   0.04916   0.02279  0.001899   0.07385       166      1280    0.8484    0.8115    0.8614    0.4457   0.05337   0.01207  0.002172
      6/64     14.9G   0.04858   0.02272  0.001821   0.07312        27      1280    0.8237    0.8319    0.8607    0.4484   0.05213   0.01255  0.002221
      7/64     13.7G   0.04779   0.02236  0.001731   0.07188       290      1280    0.8635    0.8398    0.8761    0.4574   0.05135   0.01245  0.002254
      8/64     15.3G   0.04725   0.02218  0.001691   0.07112        58      1280    0.8574    0.8581    0.8814    0.4615   0.05139   0.01263  0.002095
      9/64     16.2G   0.04696   0.02196  0.001624   0.07054       128      1280    0.8708    0.8538    0.8812    0.4578   0.05045   0.01285  0.002027
     10/64     16.2G   0.04653   0.02185  0.001604   0.06998        86      1280    0.8851    0.8399     0.888    0.4702   0.04978   0.01303  0.002166
     11/64     14.8G    0.0462   0.02172  0.001572   0.06949       117      1280    0.8566    0.8701    0.8929    0.4782   0.04955   0.01291  0.002129
     12/64     16.9G   0.04569   0.02153  0.001552   0.06877        65      1280     0.862    0.8764    0.8997    0.4814   0.05004   0.01288  0.002043
     13/64       13G   0.04561    0.0217  0.001526   0.06883       335      1280    0.8697    0.8594    0.8945    0.4712   0.04958     0.013  0.002133
     14/64     17.5G   0.04525   0.02151  0.001519   0.06828        92      1280    0.8688      0.88    0.9046    0.4797   0.04938   0.01315   0.00211
     15/64     16.4G   0.04501   0.02139  0.001495    0.0679       252      1280    0.8827    0.8725    0.9062    0.4864   0.04924   0.01317  0.002161
     16/64     12.8G   0.04454   0.02121  0.001455    0.0672        23      1280    0.8817    0.8798    0.9113    0.4861   0.04905   0.01339  0.002043
     17/64     13.2G   0.04443    0.0212  0.001461   0.06709        56      1280    0.8766    0.8938    0.9136    0.4926   0.04901   0.01326  0.002098
     18/64     14.1G   0.04416   0.02124   0.00144   0.06684       111      1280    0.8751     0.899    0.9139    0.4937   0.04855   0.01358  0.002114
     19/64     13.5G   0.04393   0.02107  0.001432   0.06642       173      1280    0.8856    0.8893    0.9164    0.4995   0.04873   0.01361  0.002135
     20/64     16.3G   0.04388   0.02092  0.001421   0.06622        62      1280    0.8852    0.8952     0.918    0.5015   0.04836   0.01353  0.002059
     21/64     12.9G   0.04368   0.02073  0.001409   0.06582        40      1280    0.8882    0.8974    0.9224    0.5019   0.04813   0.01344   0.00202
     22/64     14.5G    0.0437   0.02094  0.001417   0.06606       269      1280    0.8923    0.8879    0.9188    0.5034   0.04841   0.01374  0.002059
     23/64     18.2G   0.04331   0.02058  0.001388   0.06527       151      1280    0.8904    0.9004    0.9209    0.5085   0.04798   0.01364  0.002046
     24/64     14.5G    0.0434   0.02082  0.001386   0.06561       103      1280    0.8981    0.8982    0.9255    0.5081   0.04781    0.0137  0.002018
     25/64     14.7G   0.04303    0.0205  0.001361    0.0649       196      1280    0.8938    0.8937     0.922    0.5105   0.04777   0.01375  0.002103
     26/64     14.2G   0.04278    0.0205   0.00136   0.06464        90      1280    0.8989    0.8989    0.9236    0.5101   0.04746   0.01392  0.002108
     27/64     15.5G   0.04279    0.0206  0.001346   0.06474        32      1280    0.8954    0.9015    0.9269    0.5125   0.04755   0.01407  0.002029
     28/64     14.1G   0.04261   0.02041  0.001335   0.06436        76      1280    0.9003    0.9023    0.9294    0.5158   0.04764   0.01385  0.002049
     29/64     14.3G   0.04258   0.02066  0.001335   0.06457       136      1280    0.8977    0.9099    0.9273    0.5131   0.04748   0.01409  0.002063
     30/64       15G   0.04206    0.0202  0.001306   0.06356        25      1280    0.9028    0.8974    0.9279    0.5133   0.04749   0.01406   0.00205
     31/64     13.8G   0.04225   0.02046   0.00132   0.06403       249      1280     0.897    0.9087    0.9298    0.5161   0.04735   0.01412  0.002031
     32/64     14.1G   0.04195   0.02042  0.001313   0.06369       207      1280    0.9006    0.9068    0.9274    0.5162   0.04714   0.01432  0.002068
     33/64     16.9G   0.04171   0.02026    0.0013   0.06327        87      1280    0.9021    0.9094    0.9299    0.5201   0.04704   0.01427  0.002047
     34/64     13.7G   0.04143    0.0202  0.001284   0.06292       256      1280    0.8959    0.9157    0.9301    0.5196   0.04688   0.01445  0.002031
     35/64     13.1G   0.04132   0.01968  0.001282   0.06228       288      1280    0.9051    0.9113    0.9296    0.5177   0.04678   0.01446  0.002032
     36/64     13.5G   0.04153      0.02  0.001274    0.0628        53      1280    0.9075    0.9104    0.9328    0.5205   0.04672   0.01438  0.002032
     37/64     13.7G    0.0412    0.0202   0.00127   0.06267        14      1280    0.9026     0.917    0.9337    0.5224   0.04662   0.01443  0.002029
     38/64     14.8G   0.04128   0.02017  0.001267   0.06272        27      1280    0.9043    0.9183    0.9356    0.5235   0.04653   0.01442  0.002051
     39/64     15.7G   0.04101    0.0198  0.001252   0.06206        62      1280    0.9115    0.9107    0.9343    0.5231   0.04663    0.0146  0.002041
     40/64     16.3G   0.04103   0.02009  0.001264   0.06238       120      1280     0.903    0.9203    0.9356    0.5242   0.04651    0.0147  0.002038
     41/64     16.7G   0.04074      0.02  0.001247   0.06198       173      1280    0.9032    0.9205    0.9353    0.5232   0.04631   0.01483  0.002059
     42/64     13.9G   0.04055   0.01966  0.001229   0.06144       164      1280    0.9045    0.9211    0.9351    0.5231   0.04624   0.01491  0.002048
     43/64       16G   0.04022    0.0196  0.001215   0.06104        16      1280    0.9107    0.9142    0.9341     0.525   0.04621   0.01481  0.002046
     44/64     14.8G   0.03994   0.01922  0.001194   0.06035       152      1280    0.9038    0.9242    0.9346    0.5263   0.04613   0.01495  0.002053
     45/64     16.4G   0.04005   0.01944  0.001208    0.0607        98      1280    0.9073    0.9214    0.9355    0.5266   0.04595   0.01503  0.002075
     46/64     13.7G   0.03982   0.01939    0.0012   0.06041       101      1280    0.9084    0.9183     0.935    0.5261   0.04594   0.01506  0.002076
     47/64     15.7G   0.03977   0.01939  0.001194   0.06036        47      1280    0.9107    0.9163    0.9345     0.527   0.04596   0.01512  0.002072
     48/64     15.5G   0.03978   0.01954  0.001188   0.06051       198      1280    0.9007    0.9286    0.9349    0.5276   0.04594   0.01518  0.002073
     49/64     14.4G   0.03987   0.01938    0.0012   0.06045        86      1280    0.9028    0.9259    0.9365    0.5295   0.04588   0.01516  0.002066
     50/64     15.7G   0.03956   0.01924  0.001186   0.05998        66      1280    0.9104    0.9187    0.9368    0.5305   0.04584    0.0152  0.002069
     51/64     14.4G   0.03971   0.01928  0.001184   0.06018       104      1280    0.9118    0.9179    0.9356    0.5303   0.04579   0.01525  0.002078
     52/64     13.3G   0.03962   0.01928  0.001199    0.0601        42      1280    0.9082    0.9223    0.9355    0.5301   0.04605   0.01521  0.002064
     53/64     13.3G   0.03969   0.01939  0.001188   0.06027       186      1280    0.9108    0.9195    0.9362    0.5285   0.04613   0.01513  0.002039
     54/64     15.4G   0.03922   0.01919  0.001175   0.05959       104      1280    0.9039    0.9259    0.9359    0.5285   0.04608    0.0152  0.002056
     55/64     12.8G   0.03918   0.01901  0.001162   0.05935       160      1280    0.9083    0.9201    0.9351    0.5285   0.04604   0.01527  0.002065
     56/64     16.1G    0.0391   0.01898  0.001158   0.05923        64      1280    0.9105    0.9193    0.9347    0.5299   0.04602    0.0153  0.002062
     57/64       14G   0.03896    0.0191  0.001157   0.05922        18      1280    0.9103    0.9191    0.9348    0.5306   0.04599   0.01534  0.002074
     58/64     14.2G   0.03887   0.01906  0.001146   0.05908        44      1280    0.9082    0.9221    0.9354    0.5309   0.04594   0.01542  0.002083
     59/64     15.5G   0.03887   0.01905  0.001151   0.05907       184      1280    0.9124     0.918    0.9354    0.5312   0.04587   0.01546  0.002087
     60/64     13.7G   0.03874   0.01889  0.001152   0.05878       220      1280    0.9106    0.9201    0.9353    0.5318    0.0458    0.0155  0.002087
     61/64     13.2G   0.03864   0.01874  0.001143   0.05852        59      1280    0.9052    0.9257    0.9356    0.5321   0.04573   0.01553  0.002087
     62/64     15.7G   0.03857    0.0188  0.001149   0.05852       467      1280    0.9059    0.9251    0.9359     0.532    0.0457   0.01553  0.002089
     63/64     13.6G   0.03854   0.01884  0.001135   0.05851       141      1280    0.9075     0.925    0.9364    0.5323   0.04567   0.01556  0.002087
     64/64     14.1G   0.03847   0.01877  0.001134   0.05837        39      1280    0.9063    0.9265    0.9363    0.5326   0.04563   0.01557  0.002081
