      0/11     22.1G   0.06216   0.01342  0.004667   0.08025        55       640    0.7184    0.2085    0.2758    0.1254   0.03945   0.01113  0.002756
      1/11     23.5G   0.04299   0.01386  0.003417   0.06027        82      1664    0.3874    0.4927    0.4289    0.1719   0.03792  0.009944  0.002301
      2/11     21.8G   0.03981   0.01357  0.002903   0.05628        71      1920    0.4675    0.5391    0.4928    0.2377    0.0347   0.00978  0.001918
      3/11       22G   0.03848   0.01409  0.002632   0.05521        55      1728    0.6486    0.6216    0.6349    0.3026   0.03326  0.008929  0.001513
      4/11       22G   0.03475   0.01311  0.002159   0.05002         1      1024     0.736    0.7273    0.7491    0.3385   0.03172  0.008547  0.001165
      5/11     21.4G   0.03269   0.01292  0.001939   0.04755        46       832    0.7838    0.7483    0.7817    0.3784   0.02979  0.008257  0.001001
      6/11     22.3G   0.03229   0.01242  0.001786   0.04649         8      1152     0.802    0.7876    0.8107    0.3909   0.02961  0.008133 0.0009363
      7/11     21.2G   0.03117   0.01185  0.001677    0.0447        66      1408    0.8241    0.7986    0.8332    0.4199   0.02857  0.008017 0.0008899
      8/11     23.5G   0.02981   0.01219  0.001612   0.04361        12      1088    0.8302    0.8173    0.8502    0.4288   0.02638  0.007974 0.0008447
      9/11     22.5G   0.02957   0.01166  0.001524   0.04275        46       640    0.8442     0.813    0.8563    0.4445   0.02752  0.007909 0.0008344
     10/11     21.5G   0.02918   0.01135  0.001499   0.04203        93       704    0.8409     0.835    0.8586    0.4464   0.02642  0.007857 0.0008203
     11/11     22.8G   0.02851   0.01148  0.001461   0.04144        53      1792    0.8574    0.8329    0.8693    0.4624   0.02632  0.007775 0.0008134
